4
350
3,37
3
2,21
15,22
19,36
3,2
15,2
28,4
Y
2
7,17
15,37
15,1
19,38
10
7,4
4
N
N
Y
7,15,2
Y
7,4,4
N
10,8
3
N
N
Y
16,8,1
Y
10,8,3
N
11,24
4
N
N
Y
11,33,2
Y
11,24,4
N
19,15
1
Y
N
21,6
3
Y
N
23,2
4
N
N
Y
23,38,2
Y
23,2,4
N
24,35
1
Y
N
26,27
2
N
N
Y
26,23,4
Y
26,27,2
N
29,8
4
N
N
Y
29,14,2
Y
29,8,4
N
27,2
4
Y
N
Y
1,18,5,18
Y
5,1,5,5
Y
5,9,5,32
Y
5,36,5,39
Y
6,22,8,22
Y
9,1,9,2
Y
9,6,9,26
Y
9,30,9,39
Y
13,1,13,6
Y
13,10,13,39
Y
14,20,16,20
Y
17,1,17,13
Y
17,17,17,29
Y
17,33,17,39
Y
18,34,19,34
Y
19,39,19,39
Y
21,1,21,4
Y
21,8,21,39
Y
25,1,25,33
Y
25,37,25,39
Y
27,10,27,12
Y
27,20,27,22
Y
27,28,27,30
Y
28,6,28,7
Y
28,15,28,17
Y
28,25,28,25
Y
28,33,28,36
N
