2
600
14,4
8
5,4
4,29
13,4
28,12
28,23
20,27
15,38
11,28
1,1
1,35
1,37
13,25
15,13
25,1
29,1
29,39
Y
1
4,2
21,38
6
7,14
4
N
N
Y
7,19,1
Y
2,19,2
Y
2,14,3
Y
7,14,4
N
12,23
2
N
N
Y
12,14,4
Y
12,23,2
N
17,15
4
N
N
Y
17,23,2
Y
17,15,4
N
21,3
4
Y
N
7,37
3
Y
N
23,26
1
N
N
Y
17,26,4
Y
17,32,3
Y
23,32,2
Y
23,26,1
N
Y
2,1,2,6
Y
3,7,9,7
Y
4,16,4,17
Y
5,16,5,17
Y
1,34,8,34
Y
9,27,9,33
Y
10,26,13,26
Y
14,13,14,25
Y
15,12,18,12
Y
19,28,19,30
Y
20,28,20,30
Y
21,28,21,30
Y
24,1,24,11
Y
25,12,27,12
Y
29,12,29,12
Y
23,35,23,39
Y
26,34,29,34
Y
26,37,26,37
N
