6
1000
1275
9,20
16
4,5
4,35
4,19
4,21
6,19
6,21
8,19
8,21
10,19
10,21
12,19
12,21
14,19
14,21
17,19
17,21
2,1
2,39
20,1
20,7
20,33
20,39
24,1
24,7
24,33
24,39
28,1
28,7
28,33
28,39
29,16
29,24
Y
3
28,20
2,20
10,12
29,27
10,28
29,13
12
3,6
4
N
N
Y
3,34,2
Y
3,6,4
N
20,27
2
N
N
Y
20,13,4
Y
20,27,2
N
1,34
2
N
N
Y
1,6,4
Y
1,34,2
N
7,13
1
N
Y
N
7,26
3
N
Y
N
11,3
4
N
N
Y
11,7,3
Y
16,7,2
Y
16,3,1
Y
11,3,4
N
11,37
2
N
N
Y
11,33,3
Y
16,33,4
Y
16,37,1
Y
11,37,2
N
14,20
3
Y
N
21,18
4
N
N
Y
21,22,3
Y
24,22,2
Y
24,18,1
Y
21,18,4
N
25,14
4
N
N
Y
25,26,2
Y
25,14,4
N
26,12
3
Y
N
26,28
1
Y
N
Y
1,1,1,1
Y
1,39,1,39
Y
2,2,2,2
Y
2,38,2,38
Y
3,3,3,3
Y
3,37,3,37
Y
4,20,6,20
Y
8,20,8,20
Y
10,20,10,20
Y
12,20,13,20
Y
5,5,5,5
Y
5,35,5,35
Y
6,6,6,6
Y
6,34,6,34
Y
7,7,7,7
Y
7,33,7,33
Y
9,9,9,9
Y
9,31,9,31
Y
13,13,13,13
Y
13,27,13,27
Y
14,14,14,14
Y
14,26,14,26
Y
15,15,15,15
Y
15,25,15,25
Y
16,16,16,16
Y
16,24,16,24
Y
17,17,17,17
Y
17,23,17,23
Y
18,18,18,18
Y
18,22,18,22
Y
19,19,19,19
Y
19,21,19,21
Y
18,1,18,10
Y
18,30,18,39
Y
22,1,22,10
Y
22,30,22,39
Y
26,1,26,10
Y
26,30,26,39
Y
26,14,29,14
Y
26,18,29,18
Y
26,22,29,22
Y
26,26,29,26
Y
9,27,9,28
Y
10,27,10,27
Y
9,12,9,13
Y
10,13,10,13
N
