3
450
900
3,37
12
2,9
8,34
3,4
3,24
4,18
6,14
8,5
16,2
18,12
24,2
27,33
28,17
1,39
5,39
4,20
5,20
9,39
12,2
13,39
17,39
20,2
25,20
26,20
28,2
Y
1
5,5
25,35
9
26,26
1
Y
N
2,23
3
N
N
Y
8,23,1
Y
2,23,3
N
28,33
1
Y
N
3,2
4
Y
N
10,14
4
N
N
Y
10,26,2
Y
10,14,4
N
15,20
4
N
N
Y
15,26,2
Y
15,14,4
N
20,26
2
N
N
Y
20,14,4
Y
20,26,2
N
13,36
3
N
Y
N
26,10
1
N
N
Y
10,10,3
Y
26,10,1
N
Y
1,10,7,10
Y
10,1,10,8
Y
14,1,14,8
Y
18,1,18,8
Y
22,1,22,8
Y
26,1,26,8
Y
1,19,3,19
Y
1,20,3,20
Y
1,21,4,21
Y
5,19,9,19
Y
6,20,9,20
Y
6,21,9,21
Y
11,19,14,19
Y
11,20,14,20
Y
11,21,14,21
Y
16,19,19,19
Y
16,20,19,20
Y
16,21,19,21
Y
21,19,25,19
Y
21,20,24,20
Y
21,21,24,21
Y
27,19,29,19
Y
27,20,29,20
Y
26,21,29,21
Y
6,32,6,39
Y
9,32,17,32
Y
20,32,20,39
Y
23,30,29,30
N
