7
800
1200
13,38
12
16,33
19,36
16,34
17,35
17,36
18,33
18,34
19,35
4,33
5,33
5,34
6,34
12,8
18,8
1,9
4,9
8,9
10,9
14,9
16,9
20,9
22,9
26,9
29,9
Y
4
9,4
9,14
4,11
4,39
17,21
17,39
21,4
21,14
13
11,29
3
Y
N
27,37
1
N
Y
N
11,34
3
N
Y
N
21,29
4
Y
N
8,28
1
N
N
Y
2,28,2
Y
2,22,3
Y
8,22,4
Y
8,28,1
N
12,23
3
N
N
Y
20,23,1
Y
12,23,3
N
29,23
1
N
N
Y
21,23,3
Y
29,23,1
N
14,21
3
Y
N
18,19
1
Y
N
2,12
4
N
N
Y
2,18,3
Y
8,18,2
Y
8,12,1
Y
2,12,4
N
6,2
4
N
N
Y
6,4,2
Y
6,2,4
N
24,2
4
N
N
Y
24,4,2
Y
24,2,4
N
27,17
1
N
Y
N
Y
1,10,1,11
Y
5,15,5,15
Y
9,15,9,15
Y
21,15,21,15
Y
5,25,5,25
Y
14,25,15,25
Y
17,25,18,25
Y
1,20,2,20
Y
1,29,2,29
Y
3,1,3,5
Y
3,7,3,7
Y
3,9,3,10
Y
3,10,5,10
Y
5,9,5,9
Y
6,7,6,7
Y
8,20,15,20
Y
15,15,15,15
Y
17,20,24,20
Y
26,20,29,20
Y
7,29,9,29
Y
12,29,13,29
Y
19,29,20,29
Y
23,29,24,29
Y
28,29,29,29
Y
7,9,7,9
Y
7,10,11,10
Y
9,1,9,3
Y
9,7,9,7
Y
9,9,9,9
Y
11,9,11,9
Y
12,7,12,7
Y
13,9,13,9
Y
13,10,17,10
Y
15,1,15,4
Y
15,7,15,7
Y
15,9,15,9
Y
17,9,17,9
Y
18,7,18,7
Y
19,9,19,9
Y
19,10,23,10
Y
21,1,21,3
Y
21,7,21,7
Y
21,9,21,9
Y
23,9,23,9
Y
24,7,24,7
Y
25,9,25,9
Y
25,10,27,10
Y
27,1,27,5
Y
27,7,27,7
Y
27,9,27,9
Y
29,10,29,11
N
