5
575
850
15,20
16
8,9
27,37
9,31
27,5
3,6
3,26
5,33
7,2
8,15
8,25
20,25
21,13
23,3
23,35
26,16
27,32
9,20
21,20
15,14
15,26
13,18
13,20
13,22
14,19
14,21
15,18
15,22
16,19
16,21
17,18
17,20
17,22
Y
4
12,17
2,2
12,23
2,38
18,17
28,2
18,23
28,38
14
12,18
4
N
N
Y
12,22,2
Y
12,18,4
N
18,22
2
N
N
Y
18,18,4
Y
18,22,2
N
3,11
4
N
N
Y
3,18,2
Y
3,11,4
N
2,31
3
Y
N
26,4
3
Y
N
28,30
4
N
N
Y
28,35,2
Y
28,30,4
N
6,13
4
N
N
Y
6,28,2
Y
6,13,4
N
11,6
3
N
Y
N
11,34
2
N
Y
N
13,23
3
N
N
Y
17,23,1
Y
13,23,3
N
17,17
1
N
N
Y
13,17,3
Y
17,17,1
N
19,6
4
N
Y
N
19,34
3
N
Y
N
25,24
1
Y
N
Y
1,9,5,9
Y
5,9,5,14
Y
5,11,10,11
Y
1,20,2,20
Y
5,27,5,30
Y
5,30,8,30
Y
7,30,7,39
Y
7,20,8,20
Y
10,17,10,17
Y
10,20,10,20
Y
10,23,10,23
Y
12,15,12,15
Y
12,25,12,25
Y
15,1,15,1
Y
15,5,15,7
Y
15,11,15,13
Y
15,15,15,15
Y
15,25,15,25
Y
15,27,15,29
Y
15,33,15,35
Y
15,39,15,39
Y
18,15,18,15
Y
18,25,18,25
Y
20,17,20,17
Y
20,20,20,20
Y
20,23,20,23
Y
22,20,23,20
Y
24,3,24,12
Y
24,12,29,12
Y
28,20,29,20
Y
21,28,29,28
Y
25,32,25,39
N
