8
450
650
1,1
1
2,5
29,1
Y
3
1,3
4,15
8,21
22,31
24,27
29,13
15
5,36
2
Y
N
29,3
1
Y
N
5,19
1
N
N
Y
4,19,4
Y
4,21,3
Y
5,21,2
Y
5,19,1
Y
5,25,1
Y
5,30,1
N
5,13
2
N
N
Y
5,4,4
Y
5,13,2
Y
4,9,1
N
9,5
3
N
N
Y
13,5,4
Y
13,11,1
Y
9,11,2
Y
9,5,3
N
11,16
1
Y
N
9,28
2
N
N
Y
9,22,3
Y
13,22,4
Y
13,28,1
Y
9,28,2
Y
11,24,1
Y
11,26,1
N
13,32
1
N
N
Y
9,32,4
Y
9,38,3
Y
13,38,2
Y
13,32,1
Y
12,36,1
Y
12,36,1
N
19,36
1
Y
N
17,28
2
N
N
Y
17,24,3
Y
21,24,4
Y
21,28,1
Y
17,28,2
Y
17,33,1
Y
19,25,1
Y
19,18,1
Y
21,4,1
N
17,15
4
N
N
Y
17,19,3
Y
21,19,2
Y
21,15,1
Y
17,15,4
Y
25,5,1
N
26,10
1
N
N
Y
24,10,3
Y
26,10,1
N
24,14
3
N
N
Y
26,14,1
Y
24,14,3
N
26,18
1
N
N
Y
24,18,3
Y
26,18,1
N
24,22
3
N
N
Y
26,22,1
Y
24,22,3
Y
25,29,1
Y
25,35,1
N
Y
1,2,1,2
Y
3,2,3,33
Y
3,35,3,39
Y
3,2,27,2
Y
29,2,29,2
Y
29,37,29,37
Y
4,16,4,16
Y
6,16,6,16
Y
7,3,7,4
Y
7,6,7,39
Y
8,20,10,20
Y
12,20,14,20
Y
15,3,15,35
Y
15,37,15,39
Y
16,32,16,32
Y
18,32,22,32
Y
22,12,22,12
Y
16,12,20,12
Y
23,3,23,3
Y
23,5,23,39
Y
24,7,24,7
Y
26,7,26,7
Y
24,25,24,25
Y
26,25,26,25
Y
24,33,24,33
Y
26,33,26,33
Y
27,38,27,38
Y
27,3,27,36
N
