9
800
1100
27,20
10
21,16
21,24
23,16
23,24
17,8
17,32
21,36
21,4
27,8
27,32
4,20
12,20
2,4
5,4
3,12
9,12
3,28
9,28
2,36
5,36
Y
3
5,20
16,20
1,5
29,7
1,35
29,33
15
16,12
4
Y
N
16,18
2
Y
N
22,20
3
Y
N
18,12
3
N
N
Y
28,12,1
Y
23,11,1
Y
23,13,1
N
18,28
3
N
N
Y
28,28,1
Y
23,27,1
Y
23,29,1
N
24,34
4
N
N
Y
24,38,3
Y
28,38,2
Y
28,34,1
Y
24,34,4
N
24,6
2
N
N
Y
24,2,3
Y
28,2,4
Y
28,6,1
Y
24,6,2
N
15,4
3
Y
N
15,36
3
Y
N
10,18
2
N
N
Y
10,11,4
Y
10,18,2
Y
12,18,1
N
10,22
4
N
N
Y
10,29,2
Y
10,22,4
Y
12,22,1
N
8,34
2
N
N
Y
8,27,4
Y
8,34,2
Y
5,34,1
N
8,6
4
N
N
Y
8,13,2
Y
8,6,4
Y
5,6,1
N
4,17
2
N
N
Y
4,2,4
Y
4,18,1
Y
3,14,1
Y
3,10,1
Y
2,6,1
Y
2,2,1
N
4,23
4
N
N
Y
4,38,2
Y
4,22,1
Y
3,26,1
Y
3,30,1
Y
2,34,1
Y
2,38,1
N
Y
1,4,1,4
Y
1,12,1,12
Y
1,20,2,20
Y
1,28,1,28
Y
1,36,1,36
Y
3,36,3,36
Y
3,4,3,4
Y
5,12,7,12
Y
5,28,7,28
Y
6,20,10,20
Y
7,4,14,4
Y
7,36,14,36
Y
11,12,15,12
Y
15,8,15,11
Y
11,28,15,28
Y
15,29,15,32
Y
14,20,15,20
Y
16,9,16,9
Y
16,31,16,31
Y
15,16,19,16
Y
15,24,19,24
Y
22,16,22,16
Y
22,24,22,24
Y
25,16,29,16
Y
25,24,29,24
Y
18,8,26,8
Y
29,8,29,8
Y
18,32,26,32
Y
29,32,29,32
Y
21,1,21,3
Y
21,6,21,7
Y
22,1,22,2
Y
22,5,22,7
Y
21,33,21,34
Y
21,37,21,39
Y
22,33,22,35
Y
22,38,22,39
N
