10
60
110
15,20
12
13,18
17,22
13,22
17,18
9,20
12,20
15,14
15,17
15,23
15,26
18,20
21,20
12,18
18,22
12,22
18,18
13,20
15,18
15,22
17,20
10,20
20,20
15,15
15,25
Y
4
14,20
24,20
16,20
6,20
15,19
15,29
15,21
15,11
6
2,20
2
Y
N
28,20
4
Y
N
8,2
4
N
N
Y
8,7,3
Y
13,7,2
Y
13,2,1
Y
8,2,4
Y
11,3,1
Y
10,6,1
N
8,38
2
N
N
Y
8,33,3
Y
13,33,4
Y
13,38,1
Y
8,38,2
Y
10,34,1
Y
11,37,1
N
17,38
2
N
N
Y
17,33,3
Y
22,33,4
Y
22,38,1
Y
17,38,2
Y
19,34,1
Y
20,37,1
N
17,2
4
N
N
Y
17,7,3
Y
22,7,2
Y
22,2,1
Y
17,2,4
Y
19,6,1
Y
20,3,1
N
Y
1,11,6,11
Y
6,1,6,11
Y
4,11,4,29
Y
1,29,6,29
Y
1,20,1,20
Y
3,20,3,20
Y
6,29,6,39
Y
6,31,24,31
Y
15,31,15,39
Y
24,29,24,39
Y
24,29,29,29
Y
26,11,26,29
Y
27,20,27,20
Y
29,20,29,20
Y
24,11,29,11
Y
24,1,24,11
Y
6,9,24,9
Y
15,1,15,9
Y
7,12,7,12
Y
7,28,7,28
Y
13,8,13,8
Y
8,17,8,17
Y
8,19,8,19
Y
8,21,8,21
Y
8,23,8,23
Y
8,27,8,27
Y
9,14,9,14
Y
9,16,9,16
Y
9,18,9,18
Y
9,22,9,22
Y
9,24,9,24
Y
9,26,9,26
Y
11,14,11,14
Y
11,18,11,18
Y
11,22,11,22
Y
11,26,11,26
Y
12,13,12,13
Y
12,19,12,19
Y
12,21,12,21
Y
12,27,12,27
Y
13,14,13,14
Y
13,16,13,16
Y
13,24,13,24
Y
13,26,13,26
Y
14,13,14,13
Y
14,17,14,17
Y
14,23,14,23
Y
14,27,14,27
Y
16,13,16,13
Y
16,17,16,17
Y
16,23,16,23
Y
16,27,16,27
Y
17,14,17,14
Y
17,16,17,16
Y
17,24,17,24
Y
17,26,17,26
Y
18,13,18,13
Y
18,19,18,19
Y
18,21,18,21
Y
18,27,18,27
Y
19,14,19,14
Y
19,18,19,18
Y
19,22,19,22
Y
19,26,19,26
Y
21,14,21,14
Y
21,16,21,16
Y
21,18,21,18
Y
21,22,21,22
Y
21,24,21,24
Y
21,26,21,26
Y
22,13,22,13
Y
22,17,22,17
Y
22,19,22,19
Y
22,21,22,21
Y
22,23,22,23
Y
22,27,22,27
Y
23,12,23,12
Y
23,28,23,28
N
